1.741694649083801671e+00
-4.085415049904579377e-01
-4.835480181014516488e-01
1.566675262090011289e+00
-7.436084850747487485e-01
-9.580663276266671025e-01
-5.270511232809282909e-01
-1.017218621327917738e+00
-1.372400013652842254e+00
-1.073052643964933217e-01
-9.194604714662572009e-01
4.898039806752427228e-01
-6.008233207075382998e-01
3.608658842642911702e-01
2.195703875832156093e+00
5.218082256617678771e-01
-1.840069557324757854e+00
6.822707942323968933e-01
-6.374796999185360358e-01
-1.300577152603519249e-01
