4.130560381217467381e-01
-2.869779968661093861e+00
-8.937127371527032738e-01
2.519145934706136902e+00
-4.795734762711690302e-01
4.200527052207138068e-01
-1.679694099544055241e+00
-8.635227941074928859e-01
4.245416262169526833e-01
1.109620813499462511e+00
3.850331900442808819e-01
1.409460223314273897e+00
-1.477987301863121550e+00
5.342077366536335248e-02
-2.846271265527103855e-01
1.050511625465438303e+00
-2.591863195893440164e-01
1.077907883196206340e+00
1.433868894546390216e+00
-2.268886800085752053e-01
