-5.254506873551134660e+00
-1.567352909657155013e+00
1.207533127264120987e-01
-9.695320786463358376e-01
1.278942009526195633e+00
2.247454665802963714e-01
-7.874516120817859344e-01
-7.483230562161742316e-01
-8.951684054329708262e-01
2.135105812853304030e+00
-1.704719189870542273e+00
1.679945912000883057e+00
9.104288154570701064e-01
-4.524528823224451823e-01
2.476738546712419442e+00
-1.136402838549514183e+00
-5.167649209749526129e+00
-1.668332946035743891e+00
-5.809810328377429389e-01
1.408063724558666241e+00
