8.682665941893631611e+00
-1.380723606086198174e+01
-1.093609244039931738e+01
1.568764200493488747e+00
-1.099434628639899358e+01
5.616654728856307344e+00
-6.584570741554489182e+00
-6.645424442736496573e+00
-5.140434713406767386e+00
9.384788441969522665e+00
7.675414500280401953e+00
1.028664681763379329e+00
-7.089315741100914003e+00
-9.024560782050926377e+00
-8.952952636998501301e-01
5.122535789027183206e+00
-1.441606321473499719e+01
6.272094916271333531e-01
-7.569331627047601430e+00
-8.076331870852641259e+00
-1.385422307171058165e+01
5.926484743369944574e+00
2.603725159319732807e+00
1.132461710043653591e+00
-9.455327308055565538e+00
