8.389457339945023406e+00
-1.416881002740726103e+01
-1.096306242808294762e+01
-8.294910498395773324e-01
-1.207600883801533342e+01
4.837408714346213223e+00
-4.694552272121509162e+00
-1.319901861839227841e+01
-7.942877114347180800e+00
1.019874305153694749e+01
5.612361890486081251e+00
-3.485652322023099270e+00
-1.059993268858610271e+01
-7.150205637273098880e+00
2.206935711738804429e+00
2.723220500722131732e+00
-1.428736794192717952e+01
3.515093565689265453e+00
-1.041211348660649527e+01
-9.611461305028965896e+00
-1.197596603647609292e+01
7.377527522153879858e+00
6.368688858880458881e+00
4.123933418858086952e+00
-6.681000429101218607e+00
