2.855005025974290067e+00
-1.419838196685561726e+01
-8.671197498301079776e+00
-2.315464005672925651e+00
-1.432049967284231329e+01
4.940275575989832468e+00
-4.294050556452430278e+00
-1.484593985814461092e+01
-8.605301084601583383e+00
1.175930743252325428e+01
4.475769565837695474e+00
-1.080561392693000666e+00
-9.956368034988489768e+00
-2.769076289063193030e+00
3.841732036644403436e+00
3.551295713924758068e+00
-1.370739388547979232e+01
6.388539516731765566e+00
-1.004052605215491489e+01
-8.951504054395867271e+00
-1.179166365013912987e+01
6.478430056838975659e+00
4.821589353123545862e+00
3.396769866950545502e+00
-9.998738224876095870e+00
