4.418201626956779648e+00
-1.451688969300945509e+01
-7.876570253424501011e+00
-5.798497052463300605e-01
-1.695734941089311221e+01
9.333471767725800561e+00
-4.893225935478815458e+00
-1.824475256465245110e+01
-8.168161511094776728e+00
9.442639501546370440e+00
4.018604177476366779e+00
-6.361087508765773668e-01
-5.584213706570994695e+00
-2.510310190566629185e+00
4.977336974973635364e+00
6.828455351144381069e+00
-1.338731550705885276e+01
9.917048343270026933e+00
-1.245989308463449419e+01
-7.395171560986208092e+00
-1.130998325939937210e+01
8.863385761851469979e+00
1.214648571979069613e+00
3.801827623819476365e+00
-1.394107890753605972e+01
