5.110104959862816543e+00
-1.590730481445026179e+01
-5.122052689667091485e+00
-1.597917856430937755e+00
-1.918994369655197119e+01
1.026567004404545713e+01
-8.302585323361981295e+00
-2.155208573071909939e+01
-8.853780382413065198e+00
1.273869285387196904e+01
1.717075056113411602e+00
-2.152748065898384411e+00
-2.702643361234619235e+00
-2.577165313185709294e+00
4.074490981146222879e+00
5.225954117113261965e+00
-1.192173427514712181e+01
1.161411012443929280e+01
-1.405488242710877600e+01
-5.557730748974607948e+00
-9.076078489760469381e+00
7.337652480411859024e+00
7.181070989850221187e-01
2.068741511992444160e+00
-1.343944472607346796e+01
