2.164997267877062370e+00
-1.521031953530656899e+01
-6.318742948482940491e+00
4.378620735178638534e-02
-1.902541655011129862e+01
7.554704818526751353e+00
-1.049655611548634404e+01
-2.122955935484966616e+01
-9.843795920279507783e+00
1.254380749959157981e+01
2.987189523303112715e+00
-3.360802112939595521e+00
8.576617448733931948e-01
-2.699149876900701184e+00
3.933668973829839821e+00
4.563321564926671847e+00
-1.093282788504905234e+01
1.038745564327949289e+01
-1.370417704156290384e+01
-7.631620184190620826e+00
-1.023944337941184202e+01
5.686382063298167644e+00
3.049966572885999483e+00
5.320944250088412986e-01
-1.060804751118553924e+01
