-1.236355067348503312e+00
-1.634797286113863990e+01
-6.456422271694704840e+00
4.320853477106663121e-01
-2.348296743759903649e+01
1.030136476833152415e+01
-1.265462711574441279e+01
-1.948923697987257242e+01
-9.603668617926535589e+00
1.204631663187942614e+01
4.168493381504411843e+00
-1.977369498579659268e+00
5.569693750824231238e+00
-1.919519018745665218e+00
3.354419470475662468e+00
5.157984175044282971e+00
-1.046597396982936345e+01
1.219188462695599995e+01
-1.536199464978469997e+01
-1.076928771421846598e+01
-1.134208155222370351e+01
6.085554134443569296e+00
1.815261738510015876e-01
-7.240647742650309082e-01
-1.021865984285629381e+01
