-6.253968534734855034e-01
-1.500801574452556331e+01
-8.308247040658152116e+00
-2.430215098641383076e+00
-2.448968061599410717e+01
1.322932684231401446e+01
-1.376085446179869010e+01
-2.148590486221617013e+01
-7.850769640176170405e+00
1.184149008149828575e+01
1.831543336983778580e+00
-5.846003827051448276e+00
5.499902881749322958e+00
-1.159405595964178470e+00
4.627599977537230735e+00
3.803158194982497520e+00
-1.298514526250628975e+01
1.565768260058051986e+01
-1.791827506562683325e+01
-5.770218492482817041e+00
-1.278509326657084699e+01
9.346423529559622523e+00
6.163385908515454092e-01
-3.155848189642145862e-01
-9.964722179916090994e+00
