-5.659563008621463220e-01
-1.445709402435184820e+01
-1.450928020133635243e+01
-2.222279729942199522e-01
-2.485161176487718038e+01
1.089975980388403975e+01
-1.388175140761879867e+01
-1.853478057318917038e+01
-1.146461085457594820e+01
1.450780833906054390e+01
4.733161449808402921e-01
-5.860632316521575902e+00
2.189448162686332466e+00
-3.658295604094251363e+00
4.242305078082377001e+00
7.039318221803942066e+00
-1.045118927450864810e+01
1.422209017144613874e+01
-1.859686259783382312e+01
-7.246654864686328246e+00
-1.820612345425735512e+01
8.406328032177713183e+00
-2.240746432990417869e+00
-1.131329448927854253e+00
-7.540293412563798370e+00
