-1.502418915891030382e+00
-1.403075256416815364e+01
-1.582259660119603772e+01
9.551347339079910626e+00
-2.138311314168410959e+01
1.404451831578206722e+01
-1.395405180850533000e+01
-2.707668476464061058e+01
-1.557191189240839790e+01
1.983081114178883553e+01
-1.506942928210142973e+00
-8.322110717711721506e+00
3.814147867970260286e+00
-1.393262739303071029e+01
9.325565880277743247e+00
3.174252823350173003e+00
-1.637492284218807725e+01
1.429134665457937814e+01
-2.089085599149911587e+01
-5.140232180773290693e+00
-1.646213827172187294e+01
8.888280125506469176e+00
-3.161373870116701568e+00
-3.006539187876676067e+00
-1.287316150658715408e+01
