-6.581264833053310781e+00
-2.991747557045338901e+00
-1.754563077967741913e+00
-1.599611568012116791e+00
7.387985740442449822e-01
-1.219407269189155985e+00
-2.132950057895613316e+00
3.182488672224953463e-03
-1.912155675163726309e+00
2.519020226650707350e+00
-1.291128616378490301e+00
1.050236682657391452e+00
2.737975531681843933e+00
-7.174932158417066663e-01
1.082069652563362627e+00
-1.609575597899834731e+00
-5.428352553548671189e+00
4.446938927329578961e-01
-1.102499160964680369e+00
2.640816414055894068e+00
