-3.648739596270678565e+00
3.405695209868432327e-01
-4.169073798008556264e-01
5.233429111542540202e-01
5.559219982943000016e-01
2.315611847447013094e+00
-8.332483064383870985e-01
-2.967192231727593388e+00
-2.717433872313418597e+00
-3.418263933796103160e+00
-8.957868382878739766e-01
1.620894277066879496e+00
-7.104253190693623488e-01
-1.021903888335571553e+00
8.218514086631663051e-01
-5.188792355740124762e+00
-5.367104656126255868e-01
9.273709352437879971e-01
-1.480777575843042815e+00
-5.053491545244301886e-01
-3.739177711229981327e+00
-2.872915725651961960e+00
3.395987711353599892e+00
2.412762478427508683e-01
-3.722191743798095143e+00
