-3.730427617741448376e+00
3.099043856703665334e+00
-2.416186673396710560e+00
1.086794389227437430e+00
1.832905984326747229e+00
4.412468188894512977e+00
2.628758634257270188e+00
2.248283230920295750e-01
-1.610369811184442446e+00
-7.729286580998278033e-01
-2.689059300877520542e+00
2.264955622118690393e+00
-6.135713320299700513e-01
-3.803739864297265960e+00
-1.300528815746124778e+00
-1.197045378015289874e+00
-6.069290620817713311e+00
1.781113445748545132e+00
-4.702287514209880115e+00
-7.534408851630100545e-02
-1.410434740918830254e+00
-2.048561152428485688e+00
-3.725907195217125767e-01
-4.368753660119745419e+00
-3.220504800116440691e+00
