-3.681891041817429766e+00
3.272792544530959802e+00
-1.262694953518174179e+00
1.989173640535045307e+00
2.957171977237184723e+00
4.672959685538801367e+00
1.544392154621452296e+00
-1.733259913180542622e+00
-2.890684917278177224e+00
-1.775843276053621356e+00
-1.352963888915343915e+00
1.304708310202939314e+00
4.240665985775924351e-01
-4.549849287150919963e+00
-2.016295585186053785e+00
-1.009564386808923020e+00
-7.650718309284363805e+00
2.584233539416041836e+00
-3.898317595339503949e+00
-1.044691867367038007e+00
-2.579887882134843102e-01
-2.148330585625327416e+00
1.100379893223070615e+00
-6.346825594369233769e+00
-5.471577521937922128e+00
