-1.472114084232716946e+00
-3.834342483563732973e+00
-3.897209662367228766e+00
2.313448888212109367e+00
-9.777072020327616242e-01
8.174940747126626661e+00
-3.456129054306196213e-01
-1.367021290044518445e+00
-7.243418628038932994e+00
-3.053448088008531514e+00
-7.162458541414764568e-01
2.973652208504955041e+00
-1.794734155458262093e+00
-6.215863832959204416e+00
7.026802367186825160e-01
4.876625369877847227e+00
-8.192487574493354074e+00
4.045487936154680830e-01
-2.919414102082272144e+00
-2.818506299324996522e+00
-4.411309089257326121e+00
1.183646493161792712e+00
-7.114372430376930678e-02
-8.893558162013846413e+00
-2.535245907965689494e+00
