-3.002865684206540653e+00
-1.610207841625574399e-01
-3.571575232377522724e+00
2.478687931555304536e-01
-3.563472241614828562e+00
5.393208725428383588e+00
-1.046804629075388515e+00
-2.432585715084384148e+00
-4.268173908592183707e+00
-1.786300524645224819e+00
-7.849199316769969181e-01
1.560091464268837047e+00
-2.951438803946267342e+00
-7.383052054139001896e+00
2.177869311421445797e+00
6.224144825701118044e+00
-1.163102691074822026e+01
-2.312009738684138505e+00
-9.966305100753162449e+00
-1.036823776583392087e+00
-8.505244311485983033e+00
4.407091384020358049e+00
-1.586708198334595865e+00
-9.478525827289759675e+00
7.746516163006887945e-01
