1.288441592397285618e+00
-4.435336213500693958e+00
-7.257836551482461651e+00
-3.731984743266106630e+00
-6.485055982719242884e+00
4.382650735900209149e+00
-5.792749137052114250e+00
-3.000722047467654363e+00
-1.358048453165058511e+00
3.962670660845898585e+00
-2.114787572391224835e+00
-1.661202370217687907e+00
-2.659767566560883867e-01
-9.685956453281850287e+00
3.404524042945162421e+00
5.525268481276008892e+00
-1.315869253235970504e+01
-2.452665870113610591e+00
-1.153483423797467644e+01
-3.975668930350766406e+00
-6.979667386512392824e+00
5.795656047922283172e+00
1.525197650397149385e+00
-2.584074780514991510e+00
-2.392055335362317958e+00
