3.118508066206810092e+00
-1.277590695022304956e+01
-8.198588181985769552e+00
1.035667106528839643e+00
-1.181158298401971329e+01
5.456743877164816681e+00
-8.314714334912041593e+00
-7.267260456026634508e+00
-3.761916863805727207e+00
7.984098478779420027e+00
6.180887073962456846e+00
8.715623558335814369e-01
-5.882210757610758733e+00
-1.060270955936516479e+01
1.968647100322055365e+00
6.553203370798742711e+00
-1.440573580310607937e+01
-1.307654091419282683e+00
-1.019253494277398353e+01
-4.424896649844122898e+00
-1.236865638602133544e+01
7.371381237621992710e+00
4.872757005541232367e+00
1.753762558518977999e+00
-5.003893731722609317e+00
