3.088756599106544432e+00
-8.346950316090378408e+00
3.169641684789461067e+00
1.718917565145150483e+00
-4.194933013316987314e+00
-5.668430971517963712e+00
3.620278539733909007e+00
1.572071738345736103e+00
-7.538677710289381828e+00
-4.093985919292859599e+00
-1.293154763289662057e+01
-5.605576760294499472e-01
-4.427796366557821273e+00
-6.286482777881875705e+00
2.645876959007219309e+00
6.188436726366202123e+00
-1.178697046641860036e-01
-5.841987787989801895e-01
-6.532997760413742583e+00
-3.249151161292286094e+00
5.098904835412573000e+00
5.193996901393417298e-01
-5.006144227287225412e+00
6.122351601822860978e+00
3.124174731665869231e+00
