7.421762274430929729e+00
-4.801560066833504337e+00
9.937002302579679425e-01
9.249812372993140297e-01
1.195478302290372774e+00
5.412899358989113896e-01
4.416710334427722096e+00
5.069034216926561420e+00
-5.397269940578468983e+00
-1.742969972331280815e-01
-6.245958034923165592e+00
-7.765508173403638637e+00
-8.632080898613422093e+00
-2.693976197631757330e+00
6.369643807795204893e+00
9.128065572977932973e+00
-9.339574201537651277e+00
6.081926004781852413e+00
-1.239212236464843642e+01
-8.537134222053124333e-01
6.199157109019305167e+00
8.748478868037089740e+00
7.181241866369592941e+00
1.448172805903730342e+01
8.636425567246172719e+00
