9.904181129339573175e+00
-3.541531189514926847e+00
3.831896299479542467e+00
4.398962845009387834e+00
1.173269723959047184e+01
-8.143795776173385903e+00
6.005619225916054127e+00
6.536448496898294991e+00
-2.532374108356298059e+00
1.715077824046819188e+00
-5.833030333141512314e-01
-7.270380854400000814e+00
-4.821972936367507678e+00
-1.333769544885831548e+00
1.263082461324965422e+01
1.444999641607182816e+01
-1.074818014323690107e+01
6.349023432351270202e+00
-3.459176691693483185e+00
9.870650134582910074e-01
6.538833192544224460e+00
4.548350443462027215e+00
1.024223360762005974e+01
1.565817060710733521e+01
1.130076883660761089e+00
