6.665726869729363457e+00
-1.698601577579933020e+00
1.946935671200640039e+00
7.029365866628110915e+00
1.782631847912752221e+01
-3.453802120042112733e+00
-1.876437011088315954e+00
6.215253025925949970e+00
-4.395382616312839552e+00
-3.239336825641252471e+00
-5.200594309420997208e-02
-1.115587214271234373e+01
-1.279276978744323223e+00
-1.780013055282353429e-02
1.464563202076334569e+01
1.519937513244552107e+01
-1.430064718424472581e+01
1.080921015370439342e+01
-2.657271764743906473e-01
-3.077027901659805664e+00
1.310119868526463449e+01
3.999230586635601270e+00
9.616018616367561833e+00
1.402453962491822992e+01
-2.223967552484534538e-01
