8.728636784595629194e+00
-7.391647700060334891e+00
-2.018972841573193566e+00
1.046723063424012423e+01
2.232667329011551960e+00
5.803448018500396266e+00
1.131884446888015994e+01
1.841787900746245377e-01
-1.526110461252777606e-02
5.865059714479649022e-01
2.023302448587073421e+00
-1.069841619806726030e+01
7.342319029134746877e+00
-9.694893098128889442e-01
4.314454225145378796e-01
-4.672477020377614032e+00
-1.267516384480946279e+00
8.239368407795330640e+00
-4.970048736494785402e-01
-4.613082712142009711e+00
5.772512277758545807e-02
3.458532659708233314e+00
6.573107673671385598e-02
6.748255448417353364e+00
-1.814920531156662742e+00
