9.137444784503948592e-01
-7.910661058478477337e+00
1.786748643154796312e+00
1.511778819509717842e+01
4.178144118408210872e+00
1.078681776540052706e+00
1.163184085168463255e+01
-3.715029705225763035e+00
1.739652348964032313e+00
1.013627498801966809e+01
-7.205956550380663295e+00
-1.179565100211111073e+01
9.402895495725394071e+00
6.225853224389032992e-02
6.341917321283048636e+00
-2.100181479588528077e+00
6.423103416041381353e-03
7.320081369381858494e+00
-2.096894448768718888e+00
-6.398882287288261139e+00
1.085244511053934069e+01
1.630599904910033038e+00
7.865171420047301076e+00
5.363998874187146271e+00
-1.106559973650645290e+00
