9.704497558583305761e+00
7.169946511165445457e+00
8.843654140799982244e+00
3.719609902711311200e+00
1.791438818007294209e+00
-4.019784560338934831e+00
-2.586997652138406156e+00
-2.338304563129491864e-01
-5.852972286636440202e+00
-6.037656586935779224e+00
-3.922512493157122471e+00
2.769618331611861439e+00
-7.901022958839060806e+00
4.949781414588323436e+00
-1.081903037131262568e+00
5.078995253969805113e+00
-6.282835794963489207e+00
4.349124201566986869e+00
2.720609543285774645e-01
-4.809333336050675811e+00
