-3.620691765078645208e+00
9.782999922639344703e+00
9.231071944153163011e-01
8.665537942259801674e-02
-3.117072400577874713e+00
-4.989629896172654289e-01
1.962531465375388473e+00
-4.453089989326237230e+00
1.834829471191490757e+00
1.571012766495339275e+00
-3.049031455626777909e+00
-6.702185875400409332e-01
3.258326110089039940e+00
-1.132008170462408891e+01
-3.219209569561815254e+00
-4.711819338667816659e+00
5.917105572205838548e+00
5.873511500853637379e+00
6.569194957772528376e-01
4.268502517254776585e+00
