8.185827084736729820e-01
1.691410123911174779e+01
3.168090670226239247e+00
3.204526783736143081e+00
-9.690132620512601491e+00
-6.088719533278077023e+00
-4.265161184266366146e-01
2.578543749463253487e-01
-6.864451749439237638e+00
2.176766182994113397e+00
1.920985299895474174e+00
9.346639966554798562e+00
-2.209231708292619611e+00
-3.597948386384583142e+00
2.793618093978382788e-01
-1.878960935068053839e+00
1.273008583008321892e+01
1.189819844674139926e+00
3.471784696605955123e+00
8.066855608827641078e-01
