1.861673912371033079e+00
2.420244778583239409e+01
1.209183703247824537e+00
1.040212584344779323e+01
-9.599918740994748845e+00
-2.603345117190991598e+00
6.950119443636949335e+00
1.801590525069277193e+00
-1.076932979622344355e+01
1.980104018353901152e+00
6.403414765154088251e+00
1.418563080762574735e+01
-2.239927274414938552e+00
3.712753874637937379e+00
4.244149271284395120e+00
-8.800883722968693590e+00
1.018224772839948322e+01
2.777435535669033673e+00
-4.838337138394118164e-01
-8.004891623505129061e+00
