1.179535264236938374e+01
4.267975362354347268e+00
4.238251332878047783e+00
5.744110922325363688e+00
1.265872245179230582e+00
-6.031536153657498289e+00
-1.884011027909676006e+00
1.652346706657729647e-01
1.090382735348470078e+00
1.611091299258893272e-02
-3.818898906815939132e+00
-5.660338055151508563e+00
-2.841547377441961508e+00
3.165371104349265607e+00
-5.543945785021437089e+00
-3.800017649312546375e+00
-3.642077744367111070e+00
4.629565624853984929e+00
1.984660643321214391e+00
-5.669537278663258073e-01
