-7.995883394080998130e+00
-8.301024936311849345e+00
3.290272361652547328e+00
4.215045637521804167e+00
-8.410127870191921318e+00
6.634332119209098266e+00
-4.788018745908237506e+00
-1.253894062933368403e+01
3.502635208661226685e+00
5.358204983115774311e+00
-4.117718069185674956e+00
-3.611242627210397238e+00
2.233121380356842600e+00
9.988286539147815946e-01
-8.218241848765012847e+00
7.839119369064666998e+00
2.725464587146956941e+00
-4.499279682998270857e+00
-7.454656611730066551e+00
-1.304669071931905622e+00
