1.448426879853640159e+00
-9.570754264147476320e+00
-1.025421532986044326e+01
9.433785322101893911e+00
-6.751336527577422864e-03
1.135987914567692769e+00
-2.604846472895738785e+00
-1.346642054363472596e+01
4.271235879793232826e+00
-4.404320242339001545e+00
-9.484937986336824167e+00
-9.586873625927198717e+00
8.660865150246291222e+00
-6.016896731264320231e+00
-2.787221111605258095e+00
5.299176220909993518e+00
-9.326688176006017628e+00
-1.090907913426401521e+01
7.088270710745573133e+00
-1.307336654776535045e+00
