-4.107062245316015492e+00
-1.302340895664894838e+01
-4.623554624673238855e+00
1.305222292187431421e+01
-1.971530745959307218e+00
-2.104604363927748079e+00
2.300070543789996425e+00
-1.256499731482517923e+01
7.344136102569472691e+00
-7.632962411827834082e+00
-9.040238849239155883e+00
-7.081618862188996388e+00
5.477100083970308120e+00
-6.390776227887359440e+00
-3.468462545928686858e+00
4.668396542788121550e+00
-2.752832664604695889e+00
-6.562912625859858906e+00
2.386478753479339243e+00
2.970319009860156179e-02
