-4.014948607059346308e+00
-2.007742056740356418e+01
-1.626045570836121446e+00
1.417266634866622610e+01
-3.948808906949400566e+00
-4.563880323925710303e-01
-1.975661947477243441e+00
-1.538903411353746797e+01
8.549848557854025088e+00
-3.281695842514483985e+00
-1.018280363740071159e+01
-7.131086397168947322e+00
4.694880090572649323e+00
-7.908169212362325950e+00
-3.272126694264818614e+00
-8.718171651661991151e-01
-1.931849506050488996e+00
-8.395466169140599177e+00
1.006147637125202277e+00
-3.938581477078663351e+00
