-2.312590974299642443e+00
-1.505496765680388016e+01
-5.197289448956469826e+00
1.382208299662083029e+01
-4.045040057303104786e-01
-1.576589965330045251e+00
7.793624847425288937e-01
-1.250077583537276027e+01
8.726360180536435251e+00
-1.035821035868940321e+01
-9.093157424274314948e+00
-5.034815381400543188e+00
5.690957481421315300e+00
-3.491368854843766467e+00
-1.912659548026401701e+00
3.277461150896434638e+00
-3.684878374425053060e+00
-5.070073498653179911e+00
3.156658472472014143e+00
-3.668681851511585101e+00
