7.910633894002380151e-01
-1.557015907148940137e+01
-6.016961352200961954e+00
1.607234798451524327e+01
-1.403387149379583532e+00
-1.841301241564516022e+00
-4.077144877663617661e-01
-1.497603842457853673e+01
1.107927019590358597e+01
-1.017194038445267168e+01
-1.095423779421590638e+01
-3.459545050097353691e+00
2.667122116264884379e+00
-2.391693226385147586e+00
-2.702325924814143132e+00
2.046073934661387650e+00
-6.467639830653303612e+00
-6.481162255352908019e+00
1.644637733551283398e+00
-2.900671243020372381e-01
