-6.217635329023660340e+00
-8.454611465064509446e+00
7.131513957849670682e+00
3.144657075468331620e+00
-4.494658583436998978e-01
-3.013780524755882984e-01
1.639635535279427625e+00
-1.072573835563783007e+01
3.384541796992876161e+00
8.732970406077993353e-01
-1.438475657233203142e+00
1.978183699091986991e+00
-3.081039076318508485e+00
1.405800176014483593e+00
-3.345206268777798808e+00
1.336661492315255551e+00
6.489060601297812703e+00
-2.408545300625663188e+00
-2.396172705713354834e+00
1.100500919002097566e+00
